function [Valence,Arousal,trainCount,valenceT,arousalT,testCount] = Getdata()
trainCount = 58;
testCount = 10;

Valence = [-4,-4,-8,-2, -12, 8, -2, 0, 9, 7,...
            8, 7, 9, 8, 7, 0,10,10,11,12,...
           8,7,6, 2, 0, -1, -2, -3,1,-2,...
           -1,-2,-3,-4,-3,-4,-5,-6,-6,-7,...
           -7,-8,-9,-10,-11,-11,-12,-12,1,11,...
           0,1,0,7,3,-8,-10,4];
Arousal = [-10,10,9,11,12,10,5,8,8,7,...
           10,-3,3,0,3,-9,8,-7,5,8,...
           6,-2,-4,-5,-9,-11,-12,-1,-2,0,...
           -6,-7,-8,-4,-10,-9,-8,-3,-1,-6,...
           -6,1,-10,-9,-3,4,6,7,0,11,...
           -6,-7,-9,9,-10,-3,-10,0];
valenceT = [2,-2,3,11,-2,4,-5,8,12,-11];
arousalT = [-4,-5,-2,8,-6,-3,-5,1,10,12];